                           # molecule nr, charge, dipole vector, dipole (Debye) 
     1   -2.000000   -0.005001   -0.045869   26.528646   26.528686
     2   -2.000000   -0.069862   -0.017928  -26.528661   26.528759
     3    0.000000    0.000000    0.000000    0.000000    0.000000
                           # molecule nr, charge, dipole vector, dipole (Debye) 
     1   -2.000000   -0.046197    0.009034   26.512309   26.512351
     2   -2.000000   -0.035494    0.031221  -26.643987   26.644029
     3    0.000000    0.000000    0.000000    0.000000    0.000000
                           # molecule nr, charge, dipole vector, dipole (Debye) 
     1   -2.000000   -0.067006   -0.007972   26.528658   26.528744
     2   -2.000000    0.019076   -0.045219  -26.528661   26.528706
     3    0.000000    0.000000    0.000000    0.000000    0.000000
                           # molecule nr, charge, dipole vector, dipole (Debye) 
     1   -2.000000   -0.046049    0.008985   26.413308   26.413350
     2   -2.000000   -0.035512    0.030969  -26.545240   26.545282
     3    0.000000    0.000000    0.000000    0.000000    0.000000
                           # molecule nr, charge, dipole vector, dipole (Debye) 
     1   -2.000000   -0.045857   -0.005053   26.528634   26.528674
     2   -2.000000   -0.018043   -0.069911  -26.528683   26.528781
     3    0.000000    0.000000    0.000000    0.000000    0.000000
                           # molecule nr, charge, dipole vector, dipole (Debye) 
     1   -2.000000   -0.007959   -0.067003   26.528660   26.528746
     2   -2.000000   -0.045214    0.019092  -26.528658   26.528703
     3    0.000000    0.000000    0.000000    0.000000    0.000000
                           # molecule nr, charge, dipole vector, dipole (Debye) 
     1   -2.000000    0.039337   -0.070769   26.528651   26.528774
     2   -2.000000    0.026350   -0.083906  -26.528672   26.528817
     3    0.000000    0.000000    0.000000    0.000000    0.000000
                           # molecule nr, charge, dipole vector, dipole (Debye) 
     1   -2.000000   -0.070759    0.039345   26.528650   26.528773
     2   -2.000000   -0.083906    0.026350  -26.528670   26.528816
     3    0.000000    0.000000    0.000000    0.000000    0.000000
                           # molecule nr, charge, dipole vector, dipole (Debye) 
     1   -2.000000   -0.046585    0.007390   26.528681   26.528723
     2   -2.000000    0.028505   -0.037567  -26.528681   26.528723
     3    0.000000    0.000000    0.000000    0.000000    0.000000
                           # molecule nr, charge, dipole vector, dipole (Debye) 
     1   -2.000000    0.007390   -0.046585   26.528684   26.528726
     2   -2.000000   -0.037567    0.028504  -26.528683   26.528725
     3    0.000000    0.000000    0.000000    0.000000    0.000000
                           # molecule nr, charge, dipole vector, dipole (Debye) 
     1   -2.000000   -0.046584    0.007392   26.528681   26.528723
     2   -2.000000    0.028503   -0.037568  -26.528681   26.528723
     3    0.000000    0.000000    0.000000    0.000000    0.000000
                           # molecule nr, charge, dipole vector, dipole (Debye) 
     1   -2.000000    0.007554   -0.046789   26.508120   26.508162
     2   -2.000000   -0.037654    0.028011  -26.549561   26.549602
     3    0.000000    0.000000    0.000000    0.000000    0.000000
                           # molecule nr, charge, dipole vector, dipole (Debye) 
     1   -2.000000   -0.016999    0.043921   26.528688   26.528730
     2   -2.000000   -0.036164    0.030159  -26.528689   26.528731
     3    0.000000    0.000000    0.000000    0.000000    0.000000
                           # molecule nr, charge, dipole vector, dipole (Debye) 
     1   -2.000000   -0.046576    0.007455   26.528681   26.528723
     2   -2.000000    0.029993   -0.036390  -26.528681   26.528723
     3    0.000000    0.000000    0.000000    0.000000    0.000000
                           # molecule nr, charge, dipole vector, dipole (Debye) 
     1   -2.000000    0.043918   -0.017005   26.528686   26.528728
     2   -2.000000    0.030154   -0.036168  -26.528686   26.528728
     3    0.000000    0.000000    0.000000    0.000000    0.000000
                           # molecule nr, charge, dipole vector, dipole (Debye) 
     1   -2.000000   -0.017005    0.043918   26.528686   26.528728
     2   -2.000000   -0.036168    0.030154  -26.528686   26.528728
     3    0.000000    0.000000    0.000000    0.000000    0.000000
                           # molecule nr, charge, dipole vector, dipole (Debye) 
     1   -2.000000    0.044047   -0.016995   26.545236   26.545278
     2   -2.000000   -0.042248    0.020551  -26.413318   26.413359
     3    0.000000    0.000000    0.000000    0.000000    0.000000
                           # molecule nr, charge, dipole vector, dipole (Debye) 
     1   -2.000000    0.014955   -0.050482   26.528649   26.528702
     2   -2.000000    0.013949    0.068461  -26.528670   26.528762
     3    0.000000    0.000000    0.000000    0.000000    0.000000
                           # molecule nr, charge, dipole vector, dipole (Debye) 
     1   -2.000000    0.025849    0.074072   26.528676   26.528792
     2   -2.000000    0.043938   -0.022780  -26.528637   26.528683
     3    0.000000    0.000000    0.000000    0.000000    0.000000
                           # molecule nr, charge, dipole vector, dipole (Debye) 
     1   -2.000000   -0.050482    0.014954   26.528652   26.528705
     2   -2.000000    0.068461    0.013949  -26.528666   26.528758
     3    0.000000    0.000000    0.000000    0.000000    0.000000
                           # molecule nr, charge, dipole vector, dipole (Debye) 
     1   -2.000000    0.044667   -0.015743   26.643991   26.644033
     2   -2.000000   -0.034652    0.031937  -26.512306   26.512348
     3    0.000000    0.000000    0.000000    0.000000    0.000000
                           # molecule nr, charge, dipole vector, dipole (Debye) 
     1   -2.000000   -0.013809    0.089902   26.528655   26.528811
     2   -2.000000   -0.027692    0.082964  -26.528656   26.528800
     3    0.000000    0.000000    0.000000    0.000000    0.000000
                           # molecule nr, charge, dipole vector, dipole (Debye) 
     1   -2.000000    0.089902   -0.013809   26.528655   26.528811
     2   -2.000000    0.082964   -0.027692  -26.528656   26.528800
     3    0.000000    0.000000    0.000000    0.000000    0.000000
                           # molecule nr, charge, dipole vector, dipole (Debye) 
     1   -2.000000    0.074073    0.025851   26.528668   26.528784
     2   -2.000000   -0.022783    0.043937  -26.528643   26.528689
     3    0.000000    0.000000    0.000000    0.000000    0.000000
                           # molecule nr, charge, dipole vector, dipole (Debye) 
     1   -2.000000   -0.046377    0.007250   26.549557   26.549599
     2   -2.000000    0.028966   -0.037500  -26.508122   26.508165
     3    0.000000    0.000000    0.000000    0.000000    0.000000
                           # molecule nr, charge, dipole vector, dipole (Debye) 
     1   -2.000000   -0.016995    0.043922   26.528686   26.528728
     2   -2.000000   -0.036159    0.030164  -26.528686   26.528728
     3    0.000000    0.000000    0.000000    0.000000    0.000000
                           # molecule nr, charge, dipole vector, dipole (Debye) 
     1   -2.000000    0.044347   -0.016072   26.528684   26.528726
     2   -2.000000   -0.034622    0.032028  -26.528689   26.528731
     3    0.000000    0.000000    0.000000    0.000000    0.000000
                           # molecule nr, charge, dipole vector, dipole (Debye) 
     1   -2.000000   -0.016074    0.044346   26.528690   26.528732
     2   -2.000000    0.032026   -0.034623  -26.528693   26.528735
     3    0.000000    0.000000    0.000000    0.000000    0.000000
                           # molecule nr, charge, dipole vector, dipole (Debye) 
     1   -2.000000    0.043922   -0.016995   26.528686   26.528728
     2   -2.000000    0.030164   -0.036159  -26.528686   26.528728
     3    0.000000    0.000000    0.000000    0.000000    0.000000
                           # molecule nr, charge, dipole vector, dipole (Debye) 
     1   -2.000000    0.044345   -0.016076   26.528681   26.528723
     2   -2.000000   -0.034621    0.032027  -26.528692   26.528734
     3    0.000000    0.000000    0.000000    0.000000    0.000000
                           # molecule nr, charge, dipole vector, dipole (Debye) 
     1   -2.000000   -0.016075    0.044346   26.528686   26.528728
     2   -2.000000    0.032026   -0.034621  -26.528684   26.528726
     3    0.000000    0.000000    0.000000    0.000000    0.000000
                           # molecule nr, charge, dipole vector, dipole (Debye) 
     1   -2.000000   -0.016075    0.044346   26.528686   26.528728
     2   -2.000000    0.032026   -0.034621  -26.528685   26.528727
     3    0.000000    0.000000    0.000000    0.000000    0.000000
