       N       E                     dE             d eps       ncg     rms          rms(c)
DAV:   1     0.927211827988E+02    0.92721E+02   -0.70290E+03  3040   0.684E+02
DAV:   2    -0.107701303395E+02   -0.10349E+03   -0.10024E+03  3948   0.143E+02
DAV:   3    -0.173580423476E+02   -0.65879E+01   -0.64496E+01  3688   0.387E+01
